MATRIZ-INICIAL-12x15-Acompa\xf1ada-Matriz-Nro-Vecinos
0000000000000109121101333111323
0000000100000009000000101000111
0000000000000009110000111000001
1000000000000009121000001110001
0100000001000009211000002131101
0000000001010009122100002131210
0010000000001009131201122344322
1010001010110109253411131213545
1011000100001119353312343335666
0010001010011119443422131123554
0100100000010009333303343233654
1010001101001109131212112022323
Iterac--5--matriz-12x15
1000000111110009231000112221213
1000000000000109120000123332203
0000000000000009110000000000112
0000000000000009000000000111000
0000000000100009000000001222100
0000000001010009011100002364310
0010000001111009122210002355431
0101000000101109124221102457531
0010010001011009234541101133453
0011100000000119222334311123553
0000011000001119323332110001243
0100000000000009311012333333333
Iterac--10--matriz-12x15
0010110001110009132433201233321
0000110000000009011455301232100
0000110000000009000233200000000
0000000000000009000122100000000
0000000000000009111000000111000
0100000000100009223100001222100
0110000001010009333210002252201
1001000001010009244211112263312
0010001000110019221212121232322
0000001000000109122203231243312
0010001001010009132202121132432
0110000000101109133423212455311
Iterac--15--matriz-12x15
1011000000000009254432333343213
1010000101110019242310103353212
0000000001110009221100113353212
0000000000000009000000001232100
0000000000000009122100000111000
0110000000100009112210001222100
0001000001010009245210001131100
0110000000000009333210001121101
1100000000000009443100000000124
1000000000000119542111110001235
1001001000001019333233231112244
0011011010010009344442230111223
Iterac--20--matriz-12x15
0100100000000009212312000001232
0010100000000009244522001121100
0111000001010009123321002241100
0000000001100009123210002343100
0000000000100009000000001322000
0000000000000009011100000111000
0010000000000009122210000000000
0101000000000009345210000000001
1110000000000009356421221000001
0111001100000009445433221001233
0001101000001119324323231002353
0000000000001119312333110002353
Iterac--25--matriz-12x15
0001110000000119212232200001232
0010010000000009122453300000122
0010010000000009132332211100000
0100100010000009123312121311000
0010000010100009121211033511000
0000000011000009011111122321000
0000010000000009000021212210000
0000010000000009000132200000000
0000100000000009000112100000000
0000000000000009000111000001221
0000000000001109100000000002232
0000000000001019201232100002363
Iterac--30--matriz-12x15
1011001000000109352223331001336
1000001100000119232212221000224
0000000000000009210001221000123
0000000000000009000000000000000
0000000000000009000000111000000
0000000100000009000000223100000
0000000110000009000000222100000
0000000000000009000000122100000
0000000000000009000111000000000
0000100000000009001333100001221
0001110000001109122343200002222
1010010000001009143553310002344
Iterac--35--matriz-12x15
1001110000010009223464200032312
0000100000010019321333100022322
1000000000001009210111000012244
0000000000000119210000000001222
0000000000000009100000122100122
0000000110000009000000233200000
0000000110000009000000233200000
0000000000000009000000122100000
0000000000000009333210000000123
1111000000000119334220000001222
0101000000001009547452100012233
0101110000010009325463200022311
Iterac--40--matriz-12x15
0011100011101019444532012446463
0010000000111019223531012545241
0001000000100009213220000235332
0001000000010019202120000121232
0000000000000119201110122111222
0000000110000009100000233200122
0000000110000009000000233200000
0000000000000009000000122100000
0000000000000009000000000011100
0000000000010009122100000133310
0110000000111009333321001234432
1101100001001109346532013456443
Iterac--45--matriz-12x15
1000001001110009444354222455434
1101110000111109544343211466536
1101100000110119535453100246866
0001000000011119423231000133444
0000000000000009101110122112332
0000000110000009000000233200000
0000000110000009000000233323210
0000000000111009000000122212110
0000000000000009221000012344422
1100000011010109333121122221313
1101010010001009545141233533234
0101010010100019534142332534222
Iterac--50--matriz-12x15
0000011000000119310011222110123
0000000100000009100012311000122
0000000000000009123210111012210
0111000000011009124320000122110
0011000000100009135430001234310
0001000001010009013220013452100
0000000011100009101110023543111
0000000010100019321000144622122
1100000110000109322000244522113
0100000110100009422000244512123
0000000010100019421000133522022
1000000001000019310012222221144
Iterac--55--matriz-12x15
0100000010000009201000021200011
0000000000000009211000011100011
0000000000000019101110000000010
0001000000000009322121000011223
1100100000010109222322000121314
1000100000100109231212000123414
0000000000010009221221000121213
1001000000000009232010000011213
1100000000000109332110000001325
1000000000001109331000000001346
0000000000000119310000011101344
0000000010000019311000021200132
Iterac--60--matriz-12x15
0000000000000019320000000001233
1000000000000009110000000000012
0000000000000009221100000000012
0010000000000019221200000000021
0010000000000019443410000000033
1011000000000019443210000000033
0100000000000019523210000001143
0000000000001019311000000002141
0000000000001009200000000113253
0000000000100119100000000113321
0000000000010009210000000122444
1000000000001109110000000012223
Iterac--65--matriz-12x15
0000000000000009000000000000000
0000000000000009000000000000000
0000000000000009011100000000000
0010000000000009243310000000001
1111000000000009244320000000002
1001000000000009476320000000003
1110000000000009232210000000002
0000000000000009232100000000112
0000000000000109000000000000101
0000000000000009000000000000111
0000000000000009000000000000000
0000000000000009000000000000000
Iterac--70--matriz-12x15
0000000000000009000000000000000
0000000000000009001221000000000
0001100000000009013432000000000
0011100000000009123443100000000
0100010000000009345442200000001
1110010000000009332232200000012
0000100000000019565422100000012
1111000000000009454321000000013
1110000000000009354310000000002
0000000000000009232100000000001
0000000000000009000000000000000
0000000000000009000000000000000
Iterac--75--matriz-12x15
0000000000000009000000000000000
0000000000000009000000000000000
0000000000000009111012210000000
0100011000000009201023320000011
0000011000000019321023320000122
1000000000000109220012210001224
1000000000001009120000000001123
0000000000000009220000000001223
1000000000000109220000000000114
1000000000000019220000000000123
0000000000000009210000000000012
0000000000000009000000000000000
Iterac--80--matriz-12x15
0000000000000009000000000000000
0000000000000009000000000000000
0000000000000009000012210000000
0000011000000009210023320000012
1000011000000019121123320001121
0010000000001009220112210002243
0000000000001109011100000002221
0000000000000009111100000001232
0010000000000019220100000000011
1000000000000009121100000000012
0000000000000009110000000000001
0000000000000009000000000000000
Iterac--85--matriz-12x15
0000000000000009000000000000000
0000000000000009000000000000000
0000000000000009000012210000000
0000011000000009000023320000000
0000011000000009000023320000000
0000000000000009000012210011211
0000000000010109000000000022411
0000000000011009000000000023431
0000000000001009000000000013220
0000000000000009000000000001110
0000000000000009000000000000000
0000000000000009000000000000000
Iterac--90--matriz-12x15
0000000000000009000000000000000
0000000000000009000000000000000
0000000000000009000012210000000
0000011000000009000023320000000
0000011000000009000023320000000
0000000000000009000012210000000
0000000000000009000000000111000
0000000000100009000000000213110
0000000000101009000000000335110
0000000000110009000000000223210
0000000000000009000000000122100
0000000000000009000000000000000
Iterac--95--matriz-12x15
0000000000000009000000000000000
0000000000000009000000000000000
0000000000000009000012210000000
0000011000000009000023320000000
0000011000000009000023320000000
0000000000000009000012210000000
0000000000000009000000000000000
0000000000000009000000000111000
0000000000100009000000012311000
0000000011000009000000012442000
0000000001100009000000013321000
0000000000000009000000001221000
Iterac--100--matriz-12x15
0000000000000009000000123210000
0000000000000009000000000000000
0000000000000009000012210000000
0000011000000009000023320000000
0000011000000009000023320000000
0000000000000009000012210000000
0000000000000009000000000000000
0000000000000009000000000000000
0000000000000009000000011100000
0000000010000009000000121100000
0000000100000009000000235310000
0000000111000009000000223110000
